65256
57075
34117
28804
3256
52001
27276
46596
3488
2905
59277
29513
62722
45628
8393
7213
36736
32962
41035
7563
11595
61425
6194
5429
6423
52239
22798
10228
20064
19318
60489
34211
935
22562
17632
29441
57684
2676
48396
57420
45389
47595
3367
35258
5951
13759
45733
23889
27480
38853
62530
53067
10769
10259
7740
27796
61651
9102
62837
18725
41467
9050
44560
28528
53355
56118
20719
44477
54363
59733
1606
40939
5701
18340
16876
40480
62009
23735
4886
60846
43866
48703
37955
46820
58805
10
37950
33660
378
48493
28142
29489
3837
49122
46314
39416
19474
22740
59463
45808
43692
54849
65139
14048
37695
20039
1049
4946
19610
48438
38824
31274
25570
51329
6843
12100
25490
5888
36231
9367
48303
35136
11721
19321
11119
10843
54668
5538
7541
12374
24141
59436
52359
4537
54532
39155
19221
39338
25416
12475
43135
1148
31766
32180
28645
55397
3850
18357
64984
12685
28249
7266
48496
10671
53691
64532
7385
31437
17967
41484
39394
21942
44801
35493
25007
333
47956
12822
45180
23023
19385
44252
2260
55882
22580
45541
61930
58309
36884
23713
48160
30018
29967
23578
44633
5920
55713
25297
26655
13253
25342
35634
30873
22661
57355
64622
33406
29622
3150
34244
28353
22191
16027
41170
27562
54576
53978
30881
55815
23525
3016
14678
65292
54595
8271
13715
54485
876
1873
59704
46682
61230
61306
49033
52035
52186
44738
55996
65024
21988
37144
10086
14207
41775
63322
25812
31127
65510
4559
48825
61655
30187
33703
17092
219
12239
61997
12322
49504
65168
59997
34192
3760
56350
21735
40743
47980
36678
2871
23852
13585
22798
25279
35764
62813
21395
32228
54711
59914
28567
26288
55182
59255
37969
56915
11073
43786
40157
4181
63099
42170
56419
6371
25821
1328
36268
23991
994
36095
30919
57407
32254
35442
2507
59614
13079
58311
45837
9719
33646
7337
27448
47324
53683
60540
20819
50712
44875
16613
28068
16700
56726
51750
23360
38228
48611
24236
39614
60914
625
26046
57268
43134
27487
59366
55323
30024
44300
2981
31506
64361
18576
26535
41943
11358
50320
17908
43619
38003
56139
24364
23861
50753
33933
46756
35778
57661
19753
43411
36575
14497
58515
22974
35000
20589
49572
55369
36992
64693
62597
42265
35722
7027
51926
39717
65005
34264
38655
28761
52381
51870
23125
53409
29192
37596
3456
27941
63852
15635
63995
19402
44044
62006
56363
15581
29372
58731
3728
46768
50702
27753
42314
56888
41988
31482
25756
14723
27572
52073
48886
17039
566
38684
19945
47021
4238
24778
28537
22478
5218
38143
9322
34183
64909
65530
61285
47427
1245
37311
7571
29308
44410
7394
35421
34497
40421
39384
63338
58562
22643
41628
31264
38619
16625
59454
11964
36083
48839
8497
24908
22058
23578
39586
7248
59689
15296
9332
40408
10964
7519
26025
36114
26743
59697
57722
1371
8411
42910
41770
10094
32985
9429
60239
65416
63715
55692
35763
13935
29419
6352
19151
23927
28777
51978
35812
16722
51221
239
10451
48808
49072
33179
28008
11425
53488
50790
13595
52959
54989
218
31383
32771
35600
13367
6045
10804
55454
51257
56077
53851
24191
30328
34080
16136
44952
863
9917
19425
5263
53024
857
6055
23978
12019
37955
42058
17106
27431
994
36833
54713
47026
13976
304
9821
2815
49353
7371
49754
9737
30030
40780
38051
49615
12429
63356
39643
48299
18940
16188
14483
26347
31429
11641
52420
3271
54425
58574
52159
30059
37324
54299
36179
59103
34760
38444
23736
65000
63785
24117
7082
15204
34159
28234
64750
65210
19346
56739
55719
62107
49943
33906
25007
61254
50877
52402
42662
32611
13538
57577
7466
35625
65118
54637
21665
62700
36135
62689
5500
62040
56077
61244
58730
45943
5614
53841
51508
901
13545
5506
31486
21668
51438
44646
49631
28252
44343
52222
35611
23537
4547
3982
20082
23399
58706
41015
62381
21607
38250
26218
16572
44978
54444
55603
692
28839
61781
46879
61989
57971
51893
37169
24997
30394
41884
26318
17763
4954
40164
34620
6537
48492
13583
14128
46073
36940
39997
4293
37448
17685
19777
63640
47006
16807
12555
46483
34009
33283
36806
33004
2272
33877
26281
10948
21858
17151
314
1079
15775
53576
17561
37799
12142
14998
14808
510
19267
12850
36158
10665
35771
5667
55972
39029
20919
60294
24042
44702
31838
47544
37251
13616
56719
62483
14135
22310
14644
11381
30639
18695
33007
51924
10172
11507
60373
64739
48498
56108
15371
64442
11938
17184
42887
26964
25882
38338
44899
11410
28333
30978
52982
25727
18041
11367
31494
56137
30133
61953
59021
41650
45941
52091
32644
3880
44969
56176
63444
14445
56709
38189
61023
7898
6036
37752
14112
63293
35589
3966
14623
21842
23622
50811
37497
41491
49865
52431
63318
45009
63883
41626
11661
18065
54121
34482
52543
10172
14879
54062
37893
34028
33554
22779
13755
64246
45506
36969
39072
21611
17388
51554
54243
11745
33308
45429
27872
56993
86
52782
39275
4694
43099
22969
31290
24545
29070
5285
41095
63270
42156
35869
60160
38815
64124
24150
4387
17384
2059
43391
40583
14238
44994
60010
51840
11588
55291
41389
31041
60729
36170
34446
54181
56812
17193
26757
40637
5150
55516
4398
50730
26860
54547
4911
10453
56900
22677
60679
32825
6683
12838
56186
23669
49399
21302
9297
27634
49593
26873
10707
12740
17218
18336
49160
37747
26776
4233
45165
17049
56860
59400
9740
35373
29274
48823
38013
55172
31496
11432
10018
60765
37786
56655
40109
55520
16939
16631
50198
57026
10763
34657
24111
56993
54509
42419
38781
26090
29931
58313
27652
30438
50875
8528
16352
5551
58446
25863
40547
123
8570
65410
7241
44226
13855
29164
41570
9169
1971
45057
11134
43355
24547
15776
9277
2585
4770
3012
58461
61794
21649
277
4324
61325
56989
26432
27696
49599
36366
23271
40361
37646
21627
8057
42475
4237
57897
22077
65343
21150
41731
32487
13204
28517
37656
31788
64343
31089
34681
44677
43368
17425
48096
24232
51859
24960
30929
59012
57455
57143
12570
16152
4768
36846
34098
14717
35977
37352
44812
52738
6817
57507
13750
9245
63534
25634
46598
33900
48718
10983
39076
33442
3696
30625
50798
49907
3683
34291
42636
44202
43511
29588
50684
46502
65350
31145
37629
16154
30198
36644
14340
63270
263
